0,199,150,218,172
0,185,146,216,174
0,335,182,366,218
0,59,60,97,106
0,44,67,72,102
0,110,26,161,97
0,398,185,450,243
0,516,175,585,246
0,274,106,317,170
1,178,142,198,163
1,42,70,72,104
1,198,149,218,172
1,105,29,159,99
1,470,184,545,260
1,370,195,422,260
1,266,106,309,163
10,218,173,235,192
10,350,190,378,221
10,199,150,219,176
10,43,63,90,98
10,370,196,422,262
10,268,106,311,169
10,126,43,184,123
10,439,196,506,278
100,331,180,362,216
100,194,148,218,178
100,453,188,524,266
100,372,189,423,250
100,99,28,157,99
100,267,108,309,165
101,362,217,392,254
101,332,180,364,218
101,194,148,219,178
101,35,67,61,93
101,376,188,428,248
101,464,186,532,264
101,266,107,308,164
101,95,29,156,110
102,63,64,92,95
102,332,182,364,218
102,194,148,218,178
102,32,66,56,92
102,377,188,430,248
102,265,108,308,166
102,464,186,532,263
102,97,33,153,109
103,358,214,386,247
103,193,149,218,178
103,332,182,365,220
103,41,69,68,101
103,268,107,310,169
103,454,190,526,266
103,379,189,432,249
103,97,32,157,113
104,61,65,90,96
104,332,182,366,224
104,378,193,430,257
104,266,108,310,167
104,452,189,524,270
104,82,36,152,124
105,187,147,217,181
105,334,183,364,218
105,46,68,72,101
105,454,190,522,268
105,266,108,310,167
105,79,33,148,120
105,383,190,434,256
106,222,176,236,195
106,193,149,219,180
106,42,66,68,94
106,336,182,370,216
106,445,195,520,269
106,266,108,310,166
106,95,24,160,104
106,382,191,434,252
107,223,175,238,195
107,190,149,218,180
107,52,68,84,101
107,333,182,365,223
107,442,196,520,273
107,264,108,307,166
107,378,191,429,254
107,90,27,153,115
108,223,175,237,195
108,362,214,389,244
108,188,148,217,180
108,336,182,367,220
108,51,69,76,97
108,446,194,522,274
108,73,32,142,120
108,380,192,431,254
108,264,108,307,166
109,359,218,383,249
109,62,66,91,98
109,51,69,78,98
109,336,183,367,222
109,223,176,237,194
109,193,149,217,178
109,448,194,522,273
109,379,192,430,254
109,266,108,308,167
109,99,28,157,107
11,216,174,231,192
11,48,63,91,99
11,200,150,219,175
11,370,195,419,262
11,125,40,183,120
11,270,106,312,170
11,441,195,508,278
110,61,69,89,100
110,357,221,381,251
110,223,176,237,195
110,334,184,366,225
110,194,149,217,178
110,446,194,522,276
110,43,66,68,97
110,98,24,157,95
110,376,192,427,253
110,266,108,308,166
111,358,216,387,247
111,223,176,237,195
111,193,149,216,178
111,329,185,361,221
111,446,195,521,273
111,266,108,308,166
111,380,191,438,245
111,90,26,152,98
112,362,212,389,244
112,223,176,237,195
112,192,149,215,178
112,445,194,522,275
112,332,187,363,224
112,30,57,56,84
112,379,191,436,246
112,264,107,307,165
112,90,26,149,97
113,188,148,216,180
113,223,176,237,195
113,331,186,363,222
113,43,60,80,108
113,450,193,522,270
113,80,37,146,122
113,265,107,308,165
113,380,193,433,248
114,223,172,241,196
114,49,71,81,101
114,331,187,364,224
114,35,58,61,87
114,449,191,523,274
114,266,108,309,166
114,380,193,432,250
114,85,42,150,126
115,190,149,216,176
115,52,70,85,99
115,223,176,238,195
115,356,215,382,247
115,330,187,364,228
115,33,58,59,86
115,446,190,524,275
115,384,191,436,250
115,86,37,151,124
115,266,107,309,166
116,365,224,393,257
116,330,188,364,225
116,194,148,215,174
116,28,60,54,88
116,449,190,523,270
116,266,108,310,166
116,91,37,156,123
116,392,192,446,251
117,224,176,239,196
117,327,170,333,176
117,329,188,364,229
117,197,150,218,175
117,448,192,520,268
117,390,193,445,251
117,267,108,310,166
117,94,28,155,110
118,352,172,357,178
118,331,188,364,226
118,224,177,238,195
118,361,169,367,175
118,193,150,217,181
118,44,58,70,90
118,447,192,521,269
118,388,192,440,250
118,267,108,309,166
118,103,33,161,110
119,73,62,109,105
119,384,168,390,175
119,332,187,362,221
119,222,175,237,195
119,358,216,382,246
119,194,150,218,181
119,58,5,85,35
119,447,192,521,270
119,390,192,444,254
119,266,107,308,166
119,110,38,168,114
12,342,190,376,229
12,219,174,235,193
12,42,67,69,101
12,197,148,219,175
12,95,24,160,94
12,373,195,424,260
12,270,106,312,170
12,444,192,512,274
120,357,216,383,246
120,384,170,390,176
120,400,169,406,175
120,332,188,366,224
120,216,176,232,194
120,195,149,215,171
120,58,1,85,32
120,448,192,522,270
120,392,193,446,252
120,266,108,309,165
120,84,24,148,110
121,222,176,238,196
121,364,217,390,248
121,415,168,422,175
121,382,172,387,178
121,194,150,214,174
121,330,187,363,223
121,60,2,87,32
121,450,192,522,278
121,382,199,434,261
121,268,108,310,167
121,87,33,151,120
122,0,38,6,63
122,432,170,439,176
122,87,62,114,91
122,421,169,427,174
122,400,171,406,177
122,197,151,216,175
122,218,174,235,195
122,331,187,363,220
122,448,193,522,277
122,59,3,84,36
122,390,196,443,257
122,116,42,176,122
122,270,108,312,168
123,197,149,218,174
123,440,170,446,176
123,358,214,385,246
123,385,173,391,178
123,221,176,235,194
123,329,186,362,224
123,47,0,78,26
123,445,193,522,276
123,0,44,43,94
123,392,195,447,257
123,103,34,164,119
123,268,108,312,163
124,429,169,435,175
124,449,171,454,177
124,432,168,438,174
124,1,0,32,16
124,396,173,401,179
124,362,216,386,245
124,191,148,216,177
124,329,187,362,224
124,55,0,84,24
124,447,193,522,274
124,390,195,445,254
124,268,108,310,164
124,102,35,163,119
125,222,176,236,195
125,441,170,446,175
125,451,171,456,176
125,431,168,436,174
125,397,174,402,180
125,330,187,362,224
125,361,215,386,246
125,446,193,522,276
125,394,195,450,254
125,45,0,74,32
125,104,36,166,120
125,268,108,311,165
126,461,170,467,175
126,464,170,470,175
126,442,170,447,175
126,431,168,437,174
126,390,175,395,180
126,222,176,237,194
126,193,148,214,173
126,330,187,362,224
126,360,217,386,246
126,446,192,522,278
126,53,0,81,28
126,393,194,448,252
126,100,35,162,119
126,268,108,311,165
127,480,170,485,175
127,222,176,236,194
127,444,169,448,174
127,384,173,390,178
127,431,168,437,174
127,357,216,384,248
127,329,187,364,225
127,449,192,522,275
127,52,0,79,28
127,382,197,440,253
127,100,35,162,120
127,268,107,310,164
128,503,173,507,177
128,492,171,497,176
128,446,169,450,174
128,432,168,437,174
128,373,173,378,178
128,186,147,215,180
128,222,176,236,194
128,332,186,365,224
128,360,216,385,246
128,97,32,158,116
128,52,0,80,29
128,446,191,521,271
128,391,194,445,257
128,267,107,310,165
129,0,27,8,79
129,430,169,436,174
129,428,169,433,174
129,364,172,370,178
129,222,176,236,193
129,365,217,392,248
129,522,170,528,175
129,448,169,452,174
129,502,170,507,175
129,334,187,368,226
129,446,192,516,275
129,98,34,160,118
129,44,0,73,27
129,390,194,445,252
129,268,107,310,164
13,200,155,218,177
13,222,173,237,192
13,340,189,370,220
13,190,146,215,178
13,81,29,141,99
13,386,191,444,242
13,446,192,512,274
13,265,106,308,163
130,360,171,379,212
130,220,176,236,194
130,431,170,436,174
130,427,170,432,175
130,511,170,516,175
130,528,171,533,176
130,367,171,373,177
130,444,169,449,174
130,189,146,213,174
130,331,184,361,218
130,55,0,84,30
130,355,214,383,245
130,450,193,515,273
130,392,193,447,250
130,267,107,310,167
130,102,23,160,96
131,507,170,511,174
131,361,171,379,212
131,519,170,524,175
131,427,170,432,175
131,367,172,373,177
131,445,169,449,174
131,354,214,379,244
131,219,174,235,194
131,333,186,361,220
131,191,147,214,178
131,42,44,71,79
131,396,194,446,250
131,454,188,530,269
131,266,106,309,167
131,86,21,149,90
132,431,169,436,174
132,428,170,433,175
132,360,171,378,212
132,516,171,522,176
132,444,169,449,174
132,366,172,372,177
132,349,212,375,244
132,191,147,214,175
132,332,186,361,219
132,450,190,522,274
132,28,52,56,86
132,253,106,295,165
132,392,193,446,250
132,94,25,151,95
133,446,212,484,266
133,361,172,378,212
133,444,169,448,174
133,476,169,482,174
133,367,172,372,178
133,524,170,528,175
133,434,168,439,174
133,190,146,214,173
133,361,216,387,247
133,332,187,362,219
133,453,192,523,272
133,32,53,60,83
133,392,193,446,250
133,259,106,303,170
133,94,26,150,100
134,443,167,449,173
134,479,169,484,174
134,440,167,446,174
134,366,172,372,178
134,522,170,526,175
134,369,218,395,250
134,192,148,214,176
134,335,185,365,220
134,42,54,70,83
134,392,192,445,256
134,448,190,516,272
134,241,104,286,162
134,94,26,150,101
135,367,172,372,178
135,522,170,528,176
135,444,170,448,175
135,456,169,462,175
135,339,187,369,221
135,192,148,216,179
135,458,186,520,261
135,32,55,60,89
135,374,193,424,249
135,95,29,150,102
135,260,106,303,164
136,362,171,378,211
136,200,155,222,180
136,367,172,372,178
136,444,169,449,174
136,475,168,481,174
136,522,170,528,175
136,338,189,369,222
136,189,148,212,176
136,217,174,235,195
136,35,57,64,94
136,431,203,504,282
136,375,193,429,248
136,92,29,148,104
136,261,106,308,164
137,462,171,467,176
137,362,172,378,210
137,202,155,219,175
137,492,168,498,174
137,367,172,372,178
137,442,169,447,174
137,522,171,526,176
137,218,174,233,192
137,338,190,368,224
137,185,147,208,172
137,420,214,484,292
137,34,56,61,84
137,377,192,429,250
137,95,32,151,99
137,268,106,313,161
138,342,176,380,213
138,455,174,460,180
138,438,170,442,175
138,367,171,372,177
138,502,169,507,174
138,521,170,526,176
138,336,185,366,218
138,452,195,513,268
138,186,147,209,172
138,34,56,62,86
138,94,33,152,103
138,376,194,426,249
138,268,107,312,163
139,524,171,528,176
139,454,172,458,177
139,434,171,439,176
139,366,173,370,178
139,506,168,512,174
139,188,147,212,174
139,452,196,516,274
139,335,183,366,218
139,31,56,61,88
139,375,194,426,251
139,112,37,170,113
139,260,106,305,164
14,221,173,236,192
14,341,190,369,220
14,191,145,214,172
14,43,63,90,102
14,444,193,513,277
14,384,190,436,248
14,114,34,169,109
14,264,105,308,161
140,452,171,456,177
140,360,226,391,264
140,442,171,447,175
140,365,172,371,178
140,520,170,525,176
140,506,168,512,174
140,199,148,223,177
140,448,196,516,270
140,32,56,62,85
140,332,184,362,218
140,374,193,425,249
140,112,38,171,116
140,261,106,306,162
141,360,226,390,264
141,456,173,461,178
141,378,172,383,178
141,519,170,524,175
141,506,168,512,174
141,440,194,503,256
141,336,186,367,222
141,32,55,60,85
141,374,194,425,249
141,112,36,169,114
141,262,106,307,163
142,454,172,459,177
142,466,171,472,176
142,518,170,524,175
142,505,168,511,174
142,324,182,356,218
142,460,234,480,257
142,31,55,60,85
142,366,165,436,242
142,112,36,170,114
142,264,106,308,163
143,411,172,416,177
143,480,168,486,173
143,460,170,465,175
143,518,169,524,174
143,506,168,512,174
143,221,175,234,192
143,426,240,457,276
143,460,237,480,260
143,32,55,60,87
143,329,151,397,230
143,112,35,170,114
143,275,107,320,170
144,467,169,472,174
144,518,170,523,175
144,435,171,441,177
144,480,168,485,173
144,505,167,510,174
144,33,60,62,92
144,191,148,220,182
144,428,239,458,275
144,382,194,424,249
144,468,230,486,252
144,316,157,386,240
144,111,32,169,110
144,264,106,309,163
145,463,171,470,177
145,176,147,213,187
145,226,180,237,194
145,461,172,467,178
145,480,168,486,174
145,507,168,512,174
145,520,170,525,176
145,385,194,426,248
145,428,238,458,275
145,32,59,62,93
145,467,230,486,251
145,324,152,392,234
145,79,27,143,113
145,266,107,310,164
146,324,179,360,223
146,426,242,459,278
146,492,170,498,177
146,480,168,486,174
146,523,170,528,176
146,468,170,472,175
146,508,168,514,174
146,196,152,221,180
146,460,236,479,259
146,29,58,60,91
146,348,152,421,240
146,86,29,148,115
146,266,107,310,163
147,478,168,483,173
147,468,169,472,174
147,522,169,528,176
147,508,167,514,173
147,196,152,225,187
147,427,238,458,276
147,459,238,478,260
147,29,57,59,90
147,83,28,145,115
147,328,157,402,242
147,267,106,310,163
148,476,169,481,174
148,467,169,472,174
148,552,171,558,177
148,524,170,528,176
148,508,167,514,173
148,427,238,458,275
148,196,152,224,185
148,459,237,478,260
148,29,57,58,89
148,326,158,399,242
148,92,28,152,114
148,268,106,310,164
149,474,168,480,174
149,467,169,473,174
149,508,168,513,174
149,523,170,528,175
149,580,171,586,177
149,427,236,458,274
149,458,237,478,259
149,28,56,59,91
149,326,159,398,242
149,265,106,308,162
149,120,32,179,111
15,342,190,370,221
15,44,64,90,99
15,372,195,424,256
15,118,38,176,114
15,264,106,308,162
15,471,184,540,266
150,468,170,473,175
150,478,169,484,174
150,602,172,608,178
150,508,168,513,174
150,523,170,528,176
150,430,236,459,272
150,196,152,223,185
150,390,193,430,242
150,458,237,477,259
150,30,56,60,87
150,115,34,173,113
150,325,159,400,243
150,264,106,308,165
151,478,169,484,174
151,468,169,472,174
151,623,171,629,177
151,511,168,516,173
151,522,170,528,176
151,331,181,359,212
151,15,45,50,87
151,374,161,443,248
151,113,34,170,114
151,265,106,308,162
152,190,150,221,188
152,508,168,514,174
152,523,170,528,176
152,26,52,62,96
152,334,181,362,215
152,380,192,429,253
152,418,192,481,269
152,266,106,308,162
152,107,34,167,116
153,478,170,483,175
153,468,170,472,175
153,356,215,379,244
153,523,170,528,176
153,508,167,514,173
153,330,184,362,220
153,415,194,480,272
153,30,56,58,86
153,378,191,423,252
153,110,34,168,115
153,266,106,308,163
154,478,169,483,174
154,470,172,474,176
154,524,170,528,175
154,508,168,514,174
154,338,188,367,219
154,189,145,212,170
154,414,194,480,272
154,367,200,415,256
154,31,56,58,88
154,266,106,308,161
154,110,33,168,114
155,478,169,483,174
155,470,170,476,176
155,524,170,528,176
155,508,168,514,174
155,332,190,366,228
155,197,149,216,171
155,365,201,414,256
155,415,194,480,272
155,30,56,60,89
155,99,31,160,113
155,266,106,308,161
156,478,170,483,175
156,470,172,475,176
156,524,171,528,176
156,510,168,516,174
156,336,190,365,222
156,196,148,217,172
156,414,195,480,273
156,372,195,426,248
156,29,57,57,86
156,105,32,164,112
156,266,106,308,162
157,470,172,475,177
157,477,170,482,176
157,524,170,528,176
157,511,168,516,174
157,332,190,366,229
157,416,198,492,280
157,197,149,218,174
157,364,202,414,261
157,29,57,56,89
157,111,34,171,115
157,266,107,308,162
158,478,170,483,175
158,471,171,476,176
158,223,177,237,196
158,523,171,528,177
158,510,169,516,174
158,335,190,365,222
158,416,197,490,287
158,197,149,217,173
158,368,200,418,260
158,28,59,57,97
158,111,35,170,118
158,265,106,307,164
159,473,169,478,174
159,510,168,516,174
159,524,170,529,176
159,329,190,365,228
159,414,196,484,283
159,200,149,219,173
159,31,61,60,96
159,369,194,419,256
159,265,106,308,162
159,111,33,170,115
16,428,234,459,272
16,44,64,89,99
16,340,188,370,222
16,119,38,176,115
16,369,196,422,262
16,264,105,309,163
16,482,180,548,262
160,361,216,391,249
160,472,169,476,174
160,510,168,516,174
160,524,170,528,176
160,334,187,368,222
160,414,196,482,270
160,197,148,217,172
160,33,62,62,94
160,382,189,433,244
160,266,106,308,163
160,113,27,170,106
161,222,174,237,193
161,471,171,476,176
161,510,168,516,174
161,524,170,528,176
161,414,197,484,276
161,334,189,366,230
161,196,148,216,172
161,33,57,65,88
161,376,190,432,245
161,267,106,309,163
161,111,27,170,107
162,528,169,534,175
162,464,171,469,176
162,466,170,472,176
162,526,171,530,176
162,505,168,510,174
162,412,195,480,277
162,331,188,365,230
162,196,148,217,171
162,31,60,63,97
162,378,191,432,245
162,101,22,163,96
162,270,112,314,177
163,456,171,460,176
163,476,169,480,174
163,528,169,534,175
163,506,169,512,174
163,326,189,364,234
163,409,194,472,271
163,198,148,220,173
163,33,61,64,97
163,377,190,434,244
163,101,24,158,99
163,258,107,303,162
164,474,168,480,174
164,460,170,464,175
164,530,170,534,176
164,506,168,512,174
164,330,190,369,233
164,410,198,474,271
164,195,147,218,172
164,33,60,63,96
164,378,191,432,246
164,105,24,161,96
164,263,107,307,162
165,474,169,480,174
165,460,171,466,176
165,173,145,195,171
165,530,170,535,176
165,506,168,511,174
165,411,197,476,270
165,33,58,61,94
165,334,185,363,222
165,195,147,217,171
165,377,191,432,246
165,265,106,307,163
165,105,23,163,96
166,474,169,480,174
166,460,170,465,175
166,506,168,512,174
166,530,169,534,175
166,32,57,62,89
166,192,147,215,171
166,335,186,364,220
166,416,194,485,273
166,378,191,432,247
166,102,23,158,94
166,261,105,302,164
167,460,170,465,175
167,475,170,480,174
167,527,171,533,176
167,506,168,512,174
167,333,188,363,223
167,192,147,214,171
167,34,57,63,90
167,413,193,484,270
167,380,192,432,247
167,103,32,160,105
167,254,106,296,162
168,475,171,480,175
168,460,170,465,175
168,526,170,531,175
168,506,168,512,174
168,195,148,217,173
168,334,188,364,225
168,415,193,484,270
168,92,38,150,103
168,32,56,61,89
168,380,191,433,247
168,242,106,286,164
169,474,170,478,175
169,460,171,465,176
169,528,171,533,177
169,506,169,512,175
169,194,151,221,179
169,332,189,364,228
169,31,56,61,90
169,416,194,487,272
169,380,192,433,248
169,263,107,306,165
169,94,21,149,93
17,430,232,468,276
17,520,169,524,173
17,221,174,236,193
17,44,66,78,101
17,192,147,216,175
17,350,189,378,221
17,364,202,415,268
17,450,197,524,279
17,93,23,156,95
17,264,105,308,163
170,474,170,478,174
170,460,170,465,176
170,530,170,534,176
170,0,32,13,72
170,507,169,512,174
170,30,58,62,93
170,335,188,365,223
170,197,150,219,175
170,416,194,484,270
170,382,192,434,248
170,90,18,148,80
170,263,107,307,168
171,474,170,479,174
171,460,170,465,175
171,332,190,364,227
171,530,169,536,175
171,506,168,512,174
171,30,58,63,92
171,197,150,219,176
171,417,194,484,270
171,382,191,433,254
171,83,26,146,92
171,260,104,300,157
172,462,171,467,176
172,474,169,479,174
172,530,169,534,175
172,506,168,512,174
172,197,150,219,178
172,330,186,363,224
172,30,57,62,90
172,415,193,484,272
172,364,202,415,268
172,84,27,145,96
172,242,111,280,163
173,474,169,479,174
173,461,171,466,176
173,530,169,535,175
173,506,168,512,174
173,368,198,412,258
173,196,150,219,178
173,390,185,460,258
173,29,57,61,90
173,87,31,145,100
173,246,106,292,164
174,506,168,512,173
174,530,168,536,174
174,332,187,366,223
174,196,149,220,179
174,29,56,60,91
174,89,30,147,100
174,440,172,500,249
174,364,197,418,265
174,261,105,306,162
175,474,169,479,174
175,507,169,512,175
175,530,171,535,176
175,197,151,220,179
175,332,187,364,222
175,30,58,61,89
175,88,32,146,101
175,431,185,493,265
175,365,199,416,265
175,262,106,308,164
176,475,170,480,175
176,461,171,466,176
176,506,169,512,175
176,530,171,535,177
176,416,194,479,277
176,196,150,220,179
176,333,188,362,218
176,29,57,62,90
176,88,31,146,101
176,362,201,414,267
176,263,106,308,164
177,475,169,480,174
177,460,170,466,175
177,226,177,239,194
177,530,170,535,176
177,504,168,510,174
177,333,188,364,223
177,196,150,220,180
177,29,56,61,89
177,410,199,473,284
177,366,199,417,268
177,267,107,312,171
177,86,27,145,97
178,217,174,236,196
178,474,169,479,175
178,462,171,467,176
178,507,168,512,174
178,530,170,535,176
178,332,188,365,225
178,196,150,219,180
178,29,56,60,94
178,421,192,485,276
178,89,27,145,96
178,365,200,417,269
178,268,108,312,171
179,197,152,217,176
179,474,169,479,175
179,461,170,466,176
179,530,171,535,176
179,506,168,512,174
179,332,188,365,228
179,32,57,60,92
179,365,200,415,268
179,410,199,476,285
179,268,108,312,172
179,122,41,181,119
18,11,92,49,144
18,350,192,389,240
18,193,146,216,172
18,448,198,528,275
18,76,23,142,97
18,378,195,435,252
18,265,105,308,162
180,196,149,214,172
180,474,169,479,175
180,460,170,465,176
180,334,189,365,226
180,507,168,512,174
180,530,170,534,176
180,36,62,64,96
180,365,200,415,269
180,268,108,312,171
180,123,42,182,120
180,404,198,469,281
181,474,170,480,174
181,526,169,532,176
181,462,171,467,176
181,507,169,512,174
181,334,188,365,225
181,38,58,66,90
181,363,200,413,270
181,268,108,312,171
181,121,40,179,118
181,405,198,470,283
182,474,169,479,174
182,220,177,236,197
182,524,170,529,176
182,462,170,467,176
182,188,149,212,174
182,507,168,512,174
182,335,187,366,223
182,33,57,61,87
182,362,202,414,271
182,82,32,147,117
182,269,108,312,171
182,407,198,472,281
183,460,171,465,176
183,474,170,479,175
183,501,168,506,174
183,528,170,532,175
183,328,181,356,215
183,220,176,235,194
183,32,58,62,94
183,364,202,414,272
183,89,34,153,121
183,408,198,474,282
183,269,108,312,172
184,460,171,464,176
184,474,170,479,175
184,187,152,215,182
184,220,176,235,195
184,529,169,535,176
184,506,168,512,174
184,318,175,353,216
184,31,59,60,96
184,99,34,160,118
184,364,201,414,270
184,410,198,476,284
184,270,108,313,171
185,460,171,464,176
185,474,169,479,174
185,530,169,534,175
185,506,168,512,174
185,220,176,235,194
185,330,180,360,214
185,36,62,63,95
185,364,201,414,269
185,94,33,157,120
185,410,198,476,285
185,270,108,313,172
186,474,169,480,174
186,460,171,465,176
186,220,177,236,196
186,506,168,512,174
186,620,163,640,191
186,528,170,534,175
186,328,179,358,214
186,32,62,61,97
186,368,194,420,258
186,100,27,163,110
186,409,199,474,286
186,270,109,313,172
187,486,162,493,170
187,474,169,479,174
187,460,171,464,176
187,529,172,534,178
187,220,177,236,196
187,506,168,512,175
187,482,168,500,190
187,190,152,218,184
187,331,182,361,220
187,32,69,65,107
187,365,198,415,265
187,98,26,163,100
187,410,198,475,284
187,269,110,311,171
188,473,170,478,175
188,459,171,464,176
188,528,171,534,177
188,418,171,432,185
188,506,169,511,175
188,198,152,222,178
188,220,178,235,196
188,331,186,363,223
188,31,68,64,105
188,366,200,418,268
188,267,110,309,172
188,98,26,163,103
188,414,200,478,284
189,221,176,235,194
189,473,170,478,175
189,390,168,402,182
189,460,170,465,176
189,528,170,534,176
189,506,168,511,174
189,416,192,483,278
189,332,184,364,223
189,364,201,418,267
189,29,61,56,97
189,269,109,312,171
189,96,24,158,105
19,221,173,236,192
19,11,95,47,146
19,347,188,375,219
19,192,145,215,171
19,449,198,527,274
19,367,198,426,254
19,265,104,308,160
19,75,24,139,97
190,460,171,465,177
190,472,170,478,176
190,528,171,534,177
190,506,169,512,175
190,220,178,235,196
190,382,167,398,186
190,197,152,217,178
190,416,191,483,278
190,331,186,365,227
190,368,198,420,263
190,31,64,59,99
190,98,26,161,99
190,269,110,312,172
191,475,171,480,176
191,461,171,466,176
191,220,176,236,196
191,528,168,534,175
191,369,167,384,183
191,506,167,512,174
191,331,186,364,225
191,368,197,422,260
191,196,150,217,176
191,31,62,61,98
191,414,190,482,277
191,94,24,154,105
191,270,109,313,172
192,330,187,364,225
192,477,170,482,175
192,461,170,466,176
192,528,169,534,175
192,218,174,235,194
192,505,167,511,173
192,198,150,217,174
192,31,61,59,96
192,367,196,415,261
192,268,108,311,172
192,417,188,483,274
192,92,32,157,119
193,462,172,468,178
193,478,171,483,176
193,528,168,534,175
193,506,168,512,174
193,331,188,364,226
193,217,174,234,193
193,32,62,62,97
193,368,194,419,256
193,416,188,484,274
193,268,109,312,168
193,92,32,157,120
194,479,170,484,175
194,462,171,467,176
194,506,168,512,174
194,528,170,534,176
194,331,189,364,227
194,217,174,234,193
194,44,66,71,96
194,364,195,415,261
194,89,36,156,121
194,418,188,484,274
194,268,110,312,168
195,462,170,467,176
195,479,169,484,174
195,217,174,232,191
195,528,170,534,176
195,506,168,512,174
195,330,186,360,224
195,40,60,70,93
195,363,196,415,263
195,112,44,172,122
195,416,188,484,274
195,268,109,312,169
196,462,171,468,176
196,217,174,234,193
196,480,169,485,174
196,508,168,513,174
196,528,171,534,176
196,330,189,364,229
196,28,62,57,99
196,364,197,414,264
196,414,188,480,274
196,105,42,167,123
196,270,111,312,168
197,461,170,466,176
197,501,169,507,174
197,480,168,485,174
197,529,170,534,176
197,217,174,233,192
197,330,189,366,230
197,23,65,55,104
197,364,199,414,265
197,415,188,482,276
197,108,43,169,125
197,270,111,312,168
198,462,170,468,176
198,480,168,485,174
198,460,170,466,176
198,528,172,534,177
198,502,169,507,174
198,217,174,232,192
198,331,189,366,230
198,29,66,57,102
198,274,110,322,168
198,363,200,414,267
198,421,186,486,272
198,102,39,164,120
199,480,170,485,175
199,217,176,231,192
199,460,170,466,176
199,520,171,526,176
199,504,169,509,175
199,331,189,363,224
199,418,183,480,255
199,28,65,57,102
199,364,199,414,266
199,264,108,306,167
199,86,34,152,121
2,178,142,198,163
2,48,60,82,97
2,196,149,217,172
2,97,26,152,98
2,369,194,419,253
2,467,186,538,267
2,263,105,306,162
20,222,174,236,192
20,341,187,369,220
20,193,146,215,172
20,45,63,92,100
20,451,195,528,272
20,264,105,307,161
20,371,198,425,254
20,104,36,163,112
200,521,171,527,177
200,461,170,466,176
200,480,169,485,174
200,505,169,511,175
200,334,189,367,229
200,363,199,412,267
200,26,66,57,103
200,394,201,456,283
200,255,108,298,166
200,86,37,152,123
201,519,171,524,177
201,461,170,466,176
201,480,169,485,174
201,504,169,510,175
201,334,191,368,232
201,27,65,57,102
201,363,198,412,263
201,394,202,458,278
201,257,108,300,166
201,90,37,155,123
202,462,171,468,176
202,518,170,524,176
202,479,168,485,174
202,504,169,509,175
202,334,191,367,230
202,364,196,414,259
202,28,64,58,101
202,395,202,459,277
202,256,108,302,167
202,94,39,158,125
203,519,170,524,176
203,460,170,466,176
203,479,168,485,174
203,216,174,231,193
203,503,169,509,175
203,333,190,369,232
203,26,64,57,102
203,365,198,415,265
203,400,198,465,280
203,98,41,162,125
203,260,108,304,167
204,462,171,468,177
204,518,170,524,176
204,479,168,485,174
204,503,169,509,175
204,333,186,366,224
204,27,63,56,101
204,365,197,415,266
204,397,200,461,279
204,123,50,183,132
204,260,108,304,166
205,0,31,13,75
205,474,170,479,175
205,461,171,467,176
205,518,172,524,178
205,503,169,509,175
205,216,174,232,193
205,334,187,368,226
205,358,201,408,270
205,25,66,55,105
205,397,202,462,280
205,115,46,176,126
205,262,109,305,166
206,462,171,468,176
206,519,171,524,177
206,191,152,214,180
206,480,168,486,174
206,504,168,509,175
206,216,175,233,193
206,334,189,367,227
206,26,66,57,104
206,364,201,414,269
206,397,201,461,279
206,109,36,170,122
206,262,109,305,166
207,460,170,465,176
207,188,150,218,181
207,486,165,492,171
207,462,170,468,176
207,522,171,526,177
207,504,168,509,174
207,216,174,232,193
207,333,188,365,226
207,402,196,467,274
207,27,65,58,103
207,366,195,418,263
207,265,107,307,169
207,113,27,173,106
208,482,165,488,171
208,464,171,469,176
208,522,172,528,177
208,216,174,233,194
208,504,168,509,175
208,191,150,218,185
208,386,212,450,290
208,370,196,421,253
208,330,185,364,224
208,26,64,57,102
208,97,25,160,97
208,262,109,305,167
209,462,171,468,176
209,479,168,485,174
209,528,171,534,176
209,216,175,232,193
209,503,168,509,175
209,469,231,487,253
209,332,187,365,224
209,195,153,220,185
209,374,191,431,248
209,25,65,56,102
209,382,216,450,296
209,98,26,160,98
209,260,108,303,166
21,430,233,460,269
21,343,188,376,227
21,45,63,93,99
21,113,49,177,128
21,265,105,309,162
21,370,198,423,259
21,454,192,526,276
210,463,172,468,177
210,479,169,484,174
210,526,171,532,177
210,504,169,510,175
210,197,153,219,178
210,332,190,366,227
210,26,65,56,103
210,374,192,430,247
210,426,194,490,276
210,259,108,304,166
210,91,23,148,103
211,217,174,234,195
211,464,172,469,176
211,479,169,484,174
211,529,168,534,175
211,190,152,222,191
211,504,168,510,175
211,332,188,366,227
211,27,65,56,103
211,372,192,427,250
211,267,109,311,168
211,410,204,476,294
211,78,39,144,125
212,462,171,468,176
212,479,169,484,174
212,191,152,220,189
212,528,170,534,176
212,216,175,233,194
212,504,169,510,176
212,333,189,365,227
212,27,66,58,103
212,367,195,420,257
212,411,206,477,296
212,87,37,151,121
212,265,110,308,171
213,478,170,484,175
213,462,171,468,176
213,511,171,516,177
213,523,171,528,176
213,333,183,364,219
213,29,65,59,102
213,374,192,430,248
213,413,205,478,294
213,267,108,308,172
213,96,38,160,125
214,463,172,468,177
214,477,170,482,174
214,528,169,534,176
214,520,169,526,175
214,332,184,366,226
214,41,65,69,96
214,374,193,429,249
214,414,206,477,295
214,96,36,160,122
214,268,110,312,169
215,462,171,467,176
215,476,169,482,174
215,216,174,232,193
215,199,156,221,184
215,540,170,545,176
215,516,168,522,174
215,334,182,366,220
215,30,61,56,97
215,373,193,423,254
215,414,204,477,293
215,98,37,160,124
215,270,109,314,171
216,476,169,482,174
216,196,158,222,192
216,537,171,542,176
216,516,168,522,175
216,338,186,369,222
216,37,57,64,88
216,429,194,494,278
216,370,196,420,261
216,262,109,306,172
216,98,38,161,126
217,463,170,468,175
217,476,169,482,174
217,516,169,522,175
217,530,169,535,175
217,336,186,366,225
217,38,58,67,90
217,370,195,419,262
217,99,37,161,125
217,277,110,320,173
217,419,203,484,292
218,462,171,468,176
218,532,169,538,175
218,478,169,483,174
218,509,169,515,175
218,335,188,366,226
218,35,58,64,92
218,93,35,157,116
218,414,206,478,296
218,367,196,416,263
218,274,112,316,175
219,217,175,233,195
219,478,170,482,176
219,461,170,467,176
219,196,151,220,180
219,531,169,536,175
219,506,169,512,175
219,336,189,366,225
219,36,57,65,89
219,367,198,416,263
219,412,207,477,297
219,112,27,172,103
219,273,111,315,173
22,429,234,461,274
22,342,189,373,226
22,44,63,91,99
22,368,200,421,265
22,453,192,524,276
22,116,50,180,129
22,270,105,314,166
220,458,171,464,176
220,480,168,486,174
220,530,168,536,174
220,218,175,233,193
220,508,169,514,175
220,33,60,63,93
220,336,188,366,225
220,0,33,17,70
220,195,149,220,179
220,368,193,422,251
220,79,25,145,93
220,414,208,478,296
220,268,107,310,164
221,457,172,463,178
221,488,168,493,173
221,32,60,61,95
221,532,169,538,175
221,511,168,517,174
221,0,34,26,72
221,336,188,366,224
221,217,174,233,192
221,415,208,478,295
221,192,147,218,176
221,388,190,438,245
221,90,27,145,100
221,267,107,316,161
222,468,172,473,178
222,490,170,495,175
222,0,33,16,73
222,529,169,535,176
222,507,169,513,175
222,332,188,363,226
222,216,174,232,194
222,399,193,446,248
222,194,148,219,177
222,35,62,63,97
222,282,116,331,174
222,420,197,482,284
222,98,33,154,108
223,32,59,61,94
223,470,170,475,176
223,197,150,220,179
223,489,168,494,174
223,217,174,234,194
223,333,188,364,224
223,528,170,534,176
223,507,168,513,174
223,7,35,45,75
223,380,192,431,250
223,416,202,479,290
223,124,41,181,117
223,268,110,315,169
224,470,172,475,177
224,490,169,495,175
224,510,169,516,175
224,530,171,534,176
224,218,174,234,194
224,197,151,220,178
224,0,34,35,70
224,334,188,364,223
224,34,60,62,96
224,376,190,429,249
224,267,108,311,169
224,415,204,479,293
224,111,31,166,105
225,490,167,495,173
225,470,171,474,176
225,0,33,26,76
225,528,169,534,176
225,196,152,221,184
225,34,59,66,93
225,376,191,430,249
225,336,184,364,218
225,416,193,491,259
225,99,26,156,96
225,276,111,318,172
226,213,171,234,195
226,487,167,492,173
226,0,31,30,73
226,560,170,566,175
226,471,170,476,176
226,530,170,534,176
226,196,152,222,184
226,373,192,426,250
226,408,199,483,268
226,333,184,363,219
226,83,23,144,89
226,276,110,318,172
227,482,169,487,175
227,470,170,476,175
227,519,171,524,177
227,592,168,598,174
227,3,36,39,72
227,196,151,220,180
227,406,200,485,281
227,333,183,362,219
227,84,23,142,95
227,376,192,428,257
227,266,108,312,164
228,487,165,493,172
228,470,171,476,176
228,506,172,511,177
228,619,170,624,175
228,196,152,220,182
228,331,183,363,220
228,375,192,426,255
228,267,112,320,167
228,406,194,480,266
228,94,28,151,100
229,487,167,493,173
229,498,171,503,176
229,471,170,476,175
229,199,153,220,181
229,33,59,63,93
229,373,193,424,255
229,406,194,472,265
229,271,108,314,164
229,106,34,166,112
23,428,235,460,276
23,344,190,375,227
23,45,63,90,98
23,368,200,420,267
23,456,194,528,277
23,269,106,313,164
23,117,46,180,129
230,486,162,493,170
230,471,170,476,175
230,408,197,476,267
230,332,187,363,224
230,32,60,60,95
230,368,194,418,258
230,116,39,175,117
230,260,107,304,163
231,486,164,492,171
231,488,168,494,174
231,471,170,476,175
231,332,187,364,224
231,34,60,63,93
231,409,195,475,268
231,367,195,417,260
231,115,35,173,113
231,262,108,304,164
232,491,170,498,176
232,212,171,232,194
232,471,170,476,176
232,490,170,495,176
232,199,153,224,188
232,408,196,472,268
232,333,188,363,224
232,35,60,64,92
232,368,194,418,259
232,116,38,173,116
232,264,109,308,165
233,471,171,476,176
233,507,170,511,175
233,490,170,496,175
233,196,152,221,184
233,38,61,72,102
233,334,188,363,223
233,411,196,485,266
233,368,194,420,258
233,106,27,168,99
233,269,108,312,168
234,470,172,476,177
234,520,170,525,175
234,490,170,496,176
234,197,153,222,184
234,334,188,363,223
234,412,197,482,266
234,369,194,420,255
234,94,22,155,88
234,270,108,313,168
235,522,174,528,179
235,183,147,205,172
235,471,172,475,176
235,40,61,69,92
235,217,176,232,194
235,490,170,496,176
235,360,216,382,243
235,197,153,221,186
235,336,188,363,226
235,373,195,426,247
235,410,197,485,264
235,264,108,308,168
235,98,29,158,98
236,470,172,475,177
236,521,171,526,176
236,359,215,384,245
236,336,188,364,226
236,490,170,496,176
236,218,176,233,194
236,37,61,67,92
236,190,152,221,187
236,409,197,485,265
236,373,195,430,249
236,98,28,157,98
236,267,109,311,162
237,222,180,236,197
237,332,185,364,227
237,471,171,476,176
237,514,169,519,174
237,490,170,496,176
237,360,215,384,246
237,34,61,68,98
237,408,200,484,264
237,191,152,221,186
237,373,194,432,248
237,96,29,155,98
237,266,109,312,162
238,335,188,363,228
238,510,170,515,175
238,472,172,476,177
238,490,170,496,176
238,191,152,221,188
238,37,61,67,94
238,363,216,387,247
238,94,30,155,99
238,380,193,433,249
238,412,197,476,279
238,268,108,310,167
239,469,172,473,176
239,490,170,496,175
239,503,170,508,175
239,334,191,364,224
239,33,59,66,92
239,192,152,222,187
239,361,216,386,246
239,408,196,472,284
239,94,28,155,99
239,270,110,316,170
24,428,234,462,274
24,175,143,196,166
24,216,172,236,195
24,50,63,76,92
24,453,195,526,278
24,84,19,149,85
24,366,200,418,266
24,268,106,312,164
240,334,192,363,227
240,192,154,220,186
240,33,60,66,92
240,267,110,309,170
240,363,217,387,246
240,383,195,440,250
240,427,184,498,256
240,95,28,155,99
241,364,216,389,247
241,194,155,219,185
241,490,169,496,175
241,219,175,233,193
241,471,172,476,177
241,36,63,65,91
241,375,194,430,248
241,98,30,155,98
241,411,200,474,285
241,267,110,312,171
242,490,169,496,175
242,334,192,364,223
242,472,171,477,176
242,38,60,68,90
242,193,153,220,183
242,267,109,310,169
242,372,192,428,249
242,97,29,155,98
242,413,201,476,287
243,224,177,237,193
243,490,170,496,176
243,472,170,477,176
243,332,190,363,226
243,34,59,65,89
243,193,149,216,179
243,96,28,154,98
243,366,191,419,254
243,412,201,476,287
243,271,109,313,169
244,366,215,392,245
244,490,170,496,176
244,472,171,477,176
244,374,194,430,244
244,33,59,66,89
244,333,188,365,223
244,196,154,218,180
244,410,201,472,286
244,89,27,151,97
244,270,109,312,170
245,224,177,236,193
245,490,170,496,176
245,472,171,477,176
245,35,59,63,89
245,333,188,362,219
245,372,192,428,244
245,197,154,218,181
245,412,201,475,285
245,89,28,146,98
245,270,109,312,169
246,224,177,238,194
246,490,169,496,175
246,472,171,477,176
246,30,62,59,95
246,329,186,362,227
246,197,154,218,180
246,92,27,151,98
246,376,187,423,242
246,268,111,315,168
246,412,200,475,286
247,333,188,364,228
247,489,169,495,175
247,472,171,477,176
247,30,61,61,96
247,197,153,219,181
247,360,192,413,252
247,91,25,152,96
247,410,199,474,285
247,266,109,312,165
248,33,64,66,102
248,472,171,477,176
248,489,170,495,176
248,332,191,361,226
248,196,154,219,183
248,362,193,418,247
248,411,200,474,286
248,264,108,307,163
248,88,25,147,95
249,468,174,473,179
249,490,169,496,176
249,195,153,218,182
249,35,64,63,100
249,362,192,415,248
249,411,200,474,286
249,110,34,164,111
249,265,108,309,163
25,219,173,237,194
25,192,147,215,173
25,176,143,195,165
25,68,26,130,97
25,451,196,522,279
25,369,200,432,253
25,267,106,312,166
250,468,172,473,177
250,480,169,486,174
250,494,171,499,176
250,31,64,59,100
250,266,109,310,165
250,365,192,415,248
250,411,200,474,286
250,126,45,183,124
251,224,177,237,194
251,476,171,482,177
251,195,152,219,184
251,502,172,508,177
251,30,65,60,102
251,360,193,410,255
251,410,201,474,287
251,266,109,310,165
251,121,42,178,122
252,505,173,510,178
252,224,177,237,194
252,199,155,220,182
252,36,68,69,102
252,436,192,500,272
252,88,33,155,119
252,358,194,409,256
252,273,112,316,168
253,475,173,480,178
253,489,169,494,174
253,502,172,507,177
253,200,153,219,179
253,224,177,237,193
253,35,61,66,94
253,89,34,155,120
253,358,193,409,255
253,270,110,314,168
253,428,196,493,282
254,491,168,497,174
254,475,171,480,176
254,198,153,220,181
254,224,177,237,194
254,36,64,63,98
254,101,34,164,120
254,361,193,413,250
254,275,110,317,172
254,424,199,491,287
255,473,171,478,176
255,490,171,496,176
255,330,188,360,225
255,223,177,238,194
255,200,154,221,180
255,35,66,64,102
255,108,28,172,107
255,361,193,414,250
255,271,112,320,168
255,421,200,488,289
256,198,153,220,183
256,497,170,502,175
256,475,171,480,176
256,490,170,496,176
256,330,188,361,225
256,35,65,65,100
256,367,193,417,256
256,92,27,155,114
256,270,110,314,165
256,420,200,486,289
257,199,153,220,178
257,476,172,480,177
257,490,170,496,176
257,330,188,361,226
257,223,176,237,193
257,362,216,388,249
257,384,196,431,258
257,32,65,61,101
257,90,32,154,117
257,268,110,312,167
257,421,200,487,290
258,476,170,480,175
258,496,169,502,175
258,224,176,238,193
258,196,150,218,180
258,94,32,156,117
258,33,64,60,100
258,378,194,427,256
258,267,109,312,167
258,436,191,500,273
259,222,174,237,193
259,99,33,161,119
259,31,64,58,99
259,375,194,424,256
259,269,109,312,166
259,464,185,528,266
26,226,166,234,175
26,13,94,46,143
26,192,146,216,178
26,449,195,528,271
26,75,21,129,80
26,369,200,426,255
26,266,106,310,163
260,476,170,481,175
260,496,170,502,175
260,330,188,362,229
260,222,174,237,192
260,98,35,163,117
260,39,61,68,97
260,374,196,424,258
260,430,198,494,286
260,274,110,316,171
261,492,170,497,176
261,476,169,482,175
261,222,175,237,193
261,332,187,362,220
261,38,61,67,94
261,418,208,484,298
261,373,196,421,258
261,103,34,164,121
261,270,111,315,167
262,491,170,497,176
262,497,170,502,175
262,479,168,484,174
262,43,66,72,95
262,334,190,363,224
262,223,176,237,194
262,382,196,429,258
262,418,209,484,301
262,100,33,163,122
262,268,110,313,168
263,496,170,502,176
263,475,170,481,176
263,334,190,362,223
263,222,175,237,194
263,39,63,66,92
263,414,208,480,300
263,383,195,431,260
263,100,33,163,122
263,270,110,314,170
264,494,170,500,175
264,334,191,361,224
264,222,175,236,194
264,32,59,61,94
264,433,194,498,278
264,374,197,424,258
264,126,48,186,130
264,273,110,315,172
265,495,168,501,174
265,216,176,230,194
265,492,168,498,174
265,199,156,218,180
265,474,170,480,176
265,334,191,364,224
265,31,60,60,96
265,372,197,421,262
265,126,46,184,126
265,430,197,498,284
265,270,109,313,169
266,217,175,232,193
266,476,172,480,177
266,495,171,501,176
266,332,191,362,226
266,35,62,64,96
266,371,198,419,264
266,408,206,482,298
266,120,41,180,124
266,272,110,314,171
267,475,170,480,176
267,495,171,501,176
267,334,190,363,226
267,32,56,60,85
267,371,197,420,263
267,117,36,176,118
267,270,110,314,167
267,422,195,487,280
268,498,171,504,177
268,479,169,485,175
268,335,191,363,226
268,32,58,63,93
268,266,110,310,166
268,95,25,154,96
268,372,197,420,262
268,424,192,489,278
269,490,169,495,175
269,480,169,486,175
269,505,172,510,177
269,333,190,362,225
269,34,58,63,92
269,84,25,144,99
269,381,195,430,260
269,266,109,309,165
269,428,191,494,280
27,342,186,369,218
27,191,146,216,172
27,451,194,530,269
27,76,24,137,94
27,370,199,426,255
27,268,106,311,164
270,512,171,517,177
270,494,169,500,174
270,480,170,486,175
270,334,191,362,224
270,38,40,56,61
270,86,26,142,96
270,35,60,64,97
270,429,191,495,280
270,370,196,420,261
270,268,110,313,166
271,495,170,500,175
271,481,171,486,176
271,510,171,515,177
271,53,58,77,86
271,32,64,63,98
271,274,115,324,172
271,371,195,421,261
271,105,34,156,106
271,426,192,494,280
272,498,170,503,175
272,481,171,486,176
272,511,171,516,176
272,100,55,123,83
272,36,60,69,95
272,121,44,177,122
272,268,114,318,176
272,427,191,492,280
272,360,198,410,265
273,498,170,503,175
273,482,171,487,176
273,511,171,516,176
273,36,62,65,96
273,117,36,174,115
273,264,110,310,167
273,351,206,404,278
273,420,201,490,287
274,488,171,493,176
274,499,170,504,175
274,512,171,518,176
274,39,62,68,97
274,115,36,172,115
274,264,109,310,167
274,422,207,492,302
274,356,200,406,268
275,498,170,504,175
275,489,169,494,175
275,512,171,518,176
275,39,59,67,90
275,422,204,489,288
275,116,36,171,114
275,265,110,311,166
275,356,200,408,268
276,499,169,504,175
276,489,169,494,175
276,512,170,518,176
276,222,174,234,189
276,36,58,66,94
276,266,109,311,166
276,135,49,190,126
276,356,200,406,268
276,422,204,488,295
277,222,174,235,191
277,483,170,488,176
277,498,170,503,175
277,512,171,516,176
277,193,151,220,186
277,35,58,66,90
277,93,26,158,94
277,266,110,313,167
277,356,200,408,270
277,423,202,489,292
278,194,151,219,185
278,482,170,488,176
278,34,58,67,93
278,499,170,503,175
278,513,172,518,176
278,220,174,234,192
278,434,186,504,268
278,171,148,193,171
278,357,200,409,269
278,265,110,310,167
278,99,27,156,100
279,333,190,362,222
279,482,170,488,175
279,498,170,504,175
279,512,171,517,176
279,222,174,234,191
279,193,150,219,184
279,34,59,66,92
279,435,187,507,274
279,86,21,138,89
279,264,110,316,164
279,362,198,414,266
28,218,174,236,193
28,341,187,370,219
28,194,146,218,173
28,451,194,531,270
28,85,28,142,96
28,268,106,312,163
28,368,199,421,266
280,333,190,362,225
280,483,170,488,176
280,34,59,67,95
280,498,170,503,175
280,511,172,516,177
280,190,150,219,184
280,262,110,313,163
280,436,189,504,278
280,98,27,152,95
280,364,199,418,268
281,483,170,488,176
281,176,147,194,169
281,498,170,503,175
281,513,171,518,176
281,194,151,217,177
281,34,59,66,91
281,427,191,498,279
281,96,28,151,88
281,264,110,313,164
281,362,198,415,267
282,177,150,195,171
282,333,191,363,227
282,222,175,234,191
282,482,170,488,176
282,498,170,503,175
282,514,171,518,176
282,194,151,217,178
282,36,61,67,95
282,432,189,502,282
282,84,25,151,94
282,264,110,315,163
282,364,198,417,266
283,498,170,503,176
283,481,170,487,176
283,514,171,519,177
283,334,191,362,225
283,221,175,233,191
283,199,153,221,180
283,35,61,63,97
283,436,195,503,283
283,363,197,415,264
283,277,113,320,176
283,120,38,175,114
284,485,171,490,176
284,514,172,520,177
284,499,170,504,175
284,334,192,362,224
284,221,175,234,191
284,31,65,61,101
284,427,209,496,297
284,362,198,414,266
284,126,44,183,124
284,270,112,316,171
285,489,170,494,176
285,499,170,504,175
285,514,171,520,177
285,200,152,219,178
285,332,191,364,228
285,222,174,236,193
285,32,64,62,101
285,442,187,508,276
285,361,197,411,264
285,280,113,322,172
285,123,42,181,121
286,215,165,234,188
286,502,171,507,176
286,490,170,495,176
286,515,172,520,177
286,200,153,220,179
286,222,175,234,192
286,332,191,365,231
286,360,198,410,268
286,442,190,508,277
286,32,63,61,99
286,126,42,182,120
286,270,112,316,168
287,488,168,494,175
287,504,170,509,175
287,514,171,520,176
287,200,153,219,177
287,332,191,365,232
287,221,175,234,192
287,28,63,58,99
287,443,190,511,274
287,124,41,181,120
287,360,198,411,265
287,267,110,313,168
288,502,171,508,176
288,490,170,495,176
288,199,152,221,180
288,515,172,520,177
288,222,175,235,192
288,333,189,365,229
288,445,190,514,277
288,24,62,53,100
288,358,198,408,263
288,117,39,176,117
288,275,111,316,173
289,506,171,511,176
289,489,170,494,176
289,514,171,520,177
289,200,152,220,178
289,332,190,364,230
289,222,175,235,192
289,446,190,512,278
289,27,62,55,99
289,112,35,169,114
289,360,198,412,266
289,267,110,314,167
29,44,69,74,102
29,190,143,212,168
29,52,64,96,98
29,340,187,370,220
29,450,194,530,266
29,368,199,420,266
29,270,105,314,168
29,119,44,180,122
290,489,170,495,176
290,506,171,511,176
290,332,188,362,222
290,512,171,517,177
290,194,152,217,180
290,222,174,235,192
290,31,60,59,93
290,443,190,511,277
290,360,198,410,268
290,91,30,152,114
290,267,110,314,168
291,502,170,508,176
291,489,170,494,176
291,331,185,359,215
291,504,170,510,175
291,222,175,235,192
291,33,60,63,94
291,445,189,512,278
291,97,34,161,121
291,269,111,314,170
291,362,197,413,264
292,482,169,488,175
292,487,170,493,176
292,514,171,519,177
292,198,155,220,181
292,331,190,361,226
292,32,60,62,94
292,438,194,506,283
292,104,36,166,122
292,362,198,414,266
292,274,111,317,170
293,514,171,520,176
293,482,169,488,175
293,198,157,221,183
293,331,192,360,225
293,222,175,236,193
293,34,60,65,95
293,415,206,481,289
293,361,199,413,269
293,274,110,316,172
293,104,36,168,123
294,486,171,492,177
294,478,173,482,177
294,224,174,238,192
294,193,153,217,184
294,417,208,480,292
294,34,60,65,94
294,96,33,162,120
294,361,199,412,269
294,269,112,316,169
295,483,168,488,174
295,333,191,362,226
295,194,152,217,180
295,221,174,234,192
295,416,207,479,292
295,34,59,65,94
295,99,32,162,117
295,361,199,413,269
295,270,111,316,170
296,498,173,502,179
296,510,170,516,176
296,488,170,494,176
296,332,193,362,228
296,322,170,336,188
296,221,172,235,190
296,198,155,218,179
296,35,58,63,92
296,360,199,411,270
296,420,206,484,290
296,102,32,165,116
296,271,112,317,169
297,516,171,520,177
297,488,170,493,176
297,507,172,512,177
297,223,176,235,193
297,368,170,386,192
297,198,155,219,181
297,35,59,65,92
297,333,192,362,226
297,362,200,412,270
297,80,23,148,90
297,421,208,487,296
297,266,110,317,162
298,183,151,204,174
298,490,170,496,176
298,516,171,520,176
298,332,187,360,221
298,436,168,458,196
298,199,156,218,181
298,417,208,485,296
298,34,59,65,94
298,360,200,412,264
298,98,28,151,99
298,267,110,315,165
299,215,180,228,196
299,32,60,66,96
299,183,151,204,175
299,496,173,502,178
299,520,172,526,178
299,0,33,32,74
299,330,181,360,216
299,199,156,219,182
299,418,208,484,298
299,440,169,466,201
299,76,26,142,97
299,360,200,412,263
299,267,110,314,164
3,432,234,462,268
3,342,186,369,218
3,189,147,216,175
3,45,61,90,98
3,370,194,418,252
3,109,35,163,111
3,470,184,544,265
3,262,105,306,162
30,48,67,73,93
30,217,173,235,193
30,343,164,355,178
30,183,143,204,165
30,348,188,378,221
30,450,194,528,266
30,370,200,418,265
30,82,22,145,89
30,268,105,312,168
300,226,168,234,176
300,520,172,525,177
300,502,172,507,177
300,198,156,218,182
300,34,59,61,92
300,0,34,34,70
300,330,179,359,212
300,450,168,483,206
300,418,206,486,296
300,360,200,411,266
300,83,30,143,111
300,266,110,312,165
301,0,33,19,80
301,324,178,354,216
301,520,171,525,176
301,502,171,507,176
301,195,152,218,183
301,33,58,61,92
301,360,200,412,268
301,448,168,478,206
301,419,208,485,296
301,108,38,166,121
301,268,110,314,166
302,502,171,507,176
302,520,171,525,176
302,194,152,216,180
302,414,208,481,297
302,327,178,356,212
302,31,58,59,90
302,450,167,480,205
302,359,200,411,265
302,105,33,164,118
302,269,111,313,174
303,516,171,521,176
303,0,35,13,85
303,520,171,525,176
303,502,171,507,176
303,417,208,483,296
303,201,154,221,179
303,32,58,61,89
303,325,179,357,212
303,97,33,161,120
303,359,200,411,265
303,446,167,478,208
303,271,109,318,173
304,520,172,525,176
304,502,171,507,176
304,328,179,358,212
304,198,153,219,180
304,30,57,57,92
304,451,166,481,205
304,417,207,485,297
304,359,200,410,265
304,266,108,308,163
304,102,33,164,119
305,520,172,526,177
305,502,172,507,177
305,211,174,229,193
305,326,176,354,208
305,197,152,218,179
305,449,167,480,206
305,15,55,45,93
305,417,208,485,298
305,357,203,408,274
305,105,33,166,119
305,272,110,316,168
306,518,172,524,177
306,213,174,228,190
306,502,171,507,176
306,198,152,219,178
306,443,174,476,208
306,19,62,47,99
306,415,209,482,298
306,281,114,327,171
306,108,35,168,122
306,353,204,405,274
307,501,171,507,176
307,194,152,218,180
307,520,171,524,176
307,22,57,51,92
307,455,165,484,201
307,416,209,482,298
307,106,34,167,120
307,281,114,327,172
307,354,204,405,274
308,211,168,224,185
308,500,172,506,177
308,518,170,524,176
308,210,175,224,192
308,26,57,57,88
308,460,164,490,195
308,418,200,486,279
308,354,203,405,276
308,286,114,330,176
308,108,35,170,122
309,0,39,10,93
309,196,153,216,178
309,518,171,524,176
309,502,171,506,176
309,461,164,490,198
309,335,183,360,211
309,212,176,230,196
309,217,155,230,171
309,438,182,503,265
309,35,62,65,94
309,355,203,406,274
309,101,31,162,118
309,278,113,326,170
31,426,233,457,268
31,217,173,235,193
31,385,164,396,178
31,330,178,360,212
31,176,143,202,166
31,451,194,530,266
31,370,200,416,262
31,268,105,313,168
31,78,18,140,88
310,210,176,228,196
310,224,164,240,184
310,519,170,524,176
310,502,171,507,176
310,198,153,217,179
310,33,61,63,93
310,432,184,497,266
310,356,203,407,274
310,280,113,325,171
310,107,30,167,113
311,208,176,227,197
311,519,171,524,176
311,229,168,244,187
311,502,171,507,176
311,335,183,361,212
311,196,152,218,181
311,32,62,63,94
311,431,184,495,270
311,356,203,406,274
311,108,27,172,106
311,280,114,326,179
312,232,165,247,185
312,447,170,474,202
312,201,154,219,177
312,210,176,225,193
312,520,170,525,176
312,502,171,507,176
312,332,182,361,213
312,32,62,62,92
312,432,184,495,272
312,344,226,399,300
312,117,42,178,126
312,279,113,322,175
313,372,210,407,247
313,232,165,246,183
313,450,169,479,200
313,366,219,391,245
313,500,171,506,176
313,520,171,526,176
313,201,153,219,176
313,334,182,361,212
313,32,60,62,92
313,428,185,492,269
313,383,191,434,253
313,115,44,175,128
313,280,113,322,175
314,520,171,525,176
314,333,182,362,212
314,500,171,506,176
314,199,153,219,178
314,23,60,53,94
314,428,184,492,269
314,378,193,427,256
314,110,39,171,123
314,280,113,322,176
315,447,168,478,204
315,200,153,219,177
315,212,176,228,194
315,520,171,525,176
315,334,182,363,212
315,502,171,506,176
315,35,62,64,94
315,432,183,494,267
315,110,38,172,124
315,373,194,424,260
315,278,115,322,182
316,449,167,479,203
316,520,171,524,176
316,502,171,506,176
316,34,62,64,94
316,432,189,495,266
316,377,195,428,262
316,107,37,169,123
316,285,116,328,180
317,334,183,361,212
317,520,171,525,176
317,502,171,506,176
317,450,166,481,203
317,434,193,506,277
317,31,60,57,91
317,374,197,425,263
317,281,115,322,178
317,133,38,189,121
318,520,171,524,176
318,501,171,506,176
318,333,182,361,212
318,423,204,490,294
318,39,70,66,102
318,448,167,478,204
318,126,38,184,121
318,280,115,322,178
318,371,196,423,263
319,519,171,524,176
319,502,171,506,176
319,342,182,374,217
319,18,67,45,102
319,450,167,480,204
319,424,205,492,297
319,372,196,422,262
319,116,36,175,120
319,280,114,321,178
32,220,173,236,192
32,182,144,208,166
32,356,175,374,196
32,420,161,434,179
32,343,186,373,218
32,451,193,531,266
32,91,26,150,97
32,370,198,422,260
32,268,106,313,170
320,518,171,524,177
320,501,171,506,176
320,198,152,220,181
320,343,183,373,216
320,373,195,424,250
320,423,206,490,298
320,24,64,55,95
320,451,167,482,203
320,107,38,167,122
320,280,114,320,178
321,213,176,228,196
321,520,172,524,177
321,500,171,505,176
321,341,182,370,214
321,26,64,58,95
321,373,193,426,250
321,422,206,488,298
321,448,170,476,205
321,107,38,168,124
321,278,115,324,172
322,519,172,524,177
322,500,170,505,176
322,338,180,368,212
322,422,205,490,298
322,24,65,54,100
322,450,168,480,204
322,106,39,168,124
322,373,194,426,260
322,277,114,323,172
323,519,171,524,176
323,500,170,505,176
323,336,181,366,214
323,422,206,488,298
323,444,170,474,206
323,22,66,52,101
323,103,38,166,123
323,374,195,425,260
323,277,114,321,174
324,520,171,524,176
324,500,171,505,176
324,448,168,478,204
324,336,181,368,217
324,27,65,60,98
324,431,194,501,281
324,374,196,426,260
324,107,38,168,124
324,282,115,325,178
325,520,171,525,176
325,500,170,505,176
325,421,198,494,286
325,334,181,364,216
325,446,168,473,202
325,25,64,57,95
325,105,38,166,121
325,278,114,321,178
325,364,202,418,272
326,520,171,525,176
326,501,171,505,176
326,334,181,364,215
326,197,155,218,180
326,441,170,471,203
326,25,65,56,98
326,441,192,512,272
326,366,198,420,264
326,119,32,185,112
326,280,114,321,176
327,520,171,526,176
327,197,155,218,180
327,456,186,524,255
327,334,181,364,214
327,25,65,56,96
327,440,171,467,207
327,375,190,430,246
327,118,32,180,112
327,280,115,324,177
328,502,171,507,176
328,520,171,526,176
328,193,153,218,184
328,453,185,524,257
328,335,181,365,214
328,442,173,470,206
328,26,64,57,98
328,102,32,164,121
328,280,114,322,175
328,376,191,433,247
329,519,171,524,176
329,502,171,507,176
329,451,169,479,202
329,336,184,366,214
329,436,189,503,271
329,23,66,52,101
329,114,35,169,111
329,372,196,423,259
329,272,112,314,172
33,222,173,236,193
33,50,64,82,96
33,456,162,472,181
33,428,232,456,266
33,342,188,374,223
33,188,145,210,170
33,381,175,403,203
33,453,190,534,265
33,370,200,420,260
33,96,26,156,97
33,268,106,312,171
330,221,177,237,196
330,520,172,525,177
330,502,171,508,176
330,197,155,218,181
330,423,200,490,289
330,335,181,366,216
330,450,169,481,206
330,24,66,53,102
330,114,34,167,101
330,370,196,421,263
330,272,112,315,172
331,526,172,532,177
331,520,172,524,176
331,502,171,507,176
331,196,155,217,180
331,330,179,360,214
331,446,171,476,210
331,26,66,55,101
331,418,209,484,300
331,274,112,316,171
331,370,197,421,263
331,105,35,164,106
332,524,172,530,177
332,322,178,355,219
332,502,171,507,176
332,194,152,216,179
332,28,66,58,101
332,452,170,482,207
332,417,209,484,300
332,368,197,421,264
332,101,30,159,101
332,278,112,320,175
333,525,172,530,177
333,520,172,524,176
333,502,171,508,176
333,332,180,365,216
333,200,153,221,180
333,418,208,484,299
333,32,65,62,98
333,448,173,480,211
333,370,197,422,262
333,101,26,161,100
333,278,113,321,176
334,524,171,530,176
334,520,171,524,176
334,502,171,508,177
334,330,178,362,214
334,419,208,483,300
334,31,66,60,100
334,450,172,480,210
334,94,27,156,110
334,373,193,426,256
334,275,112,318,173
335,520,172,525,177
335,522,171,528,176
335,0,38,9,88
335,357,216,384,249
335,222,179,240,199
335,526,171,530,176
335,502,171,508,176
335,196,152,219,181
335,331,179,363,215
335,417,208,483,302
335,98,34,160,118
335,455,169,484,203
335,29,65,57,100
335,376,193,430,250
335,275,113,319,173
336,525,171,531,177
336,502,171,507,176
336,0,33,11,70
336,358,217,388,246
336,326,178,359,217
336,31,65,60,97
336,417,208,487,298
336,453,168,484,205
336,400,190,448,246
336,105,34,166,122
336,276,113,319,173
337,222,179,237,197
337,526,172,532,177
337,194,154,215,180
337,360,219,388,248
337,503,172,508,178
337,414,208,486,305
337,333,181,366,215
337,404,189,454,244
337,31,64,60,97
337,444,172,474,209
337,101,34,163,121
337,275,114,319,173
338,523,171,529,176
338,358,217,387,253
338,0,34,11,79
338,526,171,532,176
338,505,172,510,177
338,216,178,231,196
338,329,177,359,211
338,30,63,57,93
338,415,208,480,300
338,123,58,186,128
338,446,170,473,207
338,376,199,426,262
338,273,114,319,170
339,524,171,530,177
339,505,172,510,177
339,32,63,59,92
339,0,35,41,83
339,331,178,359,210
339,414,209,480,299
339,441,174,472,211
339,370,202,421,266
339,277,113,320,176
339,103,49,170,133
34,48,65,82,100
34,221,174,236,193
34,452,193,529,266
34,485,172,505,196
34,344,189,376,223
34,381,177,404,206
34,194,147,216,172
34,371,200,419,262
34,102,29,160,98
34,267,107,312,172
340,523,170,529,175
340,505,171,510,176
340,329,177,361,214
340,0,32,22,79
340,416,206,483,290
340,30,62,59,97
340,446,169,477,205
340,372,202,422,268
340,276,112,318,175
340,99,36,164,122
341,527,171,532,176
341,526,171,530,177
341,0,36,19,80
341,505,171,509,176
341,330,178,361,215
341,29,64,57,98
341,446,170,473,203
341,416,198,482,284
341,370,202,420,264
341,101,34,165,121
341,276,112,319,176
342,538,170,542,174
342,527,172,533,177
342,0,36,15,81
342,505,171,509,176
342,330,178,362,220
342,198,152,218,177
342,30,65,60,97
342,416,208,488,302
342,444,170,476,209
342,369,201,421,269
342,102,34,166,122
342,277,113,321,174
343,0,36,12,83
343,526,172,532,177
343,505,171,510,176
343,330,179,361,214
343,197,152,219,182
343,31,64,60,96
343,443,171,474,208
343,370,201,421,269
343,413,210,480,303
343,102,34,164,122
343,278,113,321,174
344,524,173,529,178
344,505,173,509,178
344,0,38,14,84
344,197,152,220,179
344,330,180,362,214
344,30,64,58,95
344,447,169,477,206
344,369,201,420,271
344,411,209,478,300
344,103,34,165,121
344,277,113,319,175
345,520,172,525,177
345,0,39,14,86
345,504,173,509,178
345,193,153,218,184
345,331,179,362,214
345,30,64,60,96
345,370,202,420,268
345,451,170,482,204
345,412,211,480,302
345,102,25,158,98
345,276,113,318,175
346,504,172,509,178
346,524,172,528,177
346,196,152,218,177
346,330,182,362,219
346,448,170,478,204
346,30,65,59,100
346,370,202,420,266
346,412,213,480,305
346,108,27,160,98
346,271,113,317,170
347,524,172,529,177
347,504,172,510,177
347,24,69,55,103
347,196,153,218,180
347,332,181,362,216
347,447,170,477,205
347,97,24,157,90
347,369,202,419,264
347,412,214,479,305
347,255,109,311,160
348,528,169,534,175
348,524,171,530,176
348,215,178,230,195
348,0,38,18,81
348,504,172,510,178
348,332,181,362,217
348,195,152,218,180
348,447,170,475,204
348,369,202,421,266
348,411,214,479,306
348,89,26,154,97
348,265,109,314,161
349,529,170,534,175
349,524,171,530,176
349,504,173,510,178
349,0,37,15,73
349,329,183,360,221
349,194,151,217,179
349,415,208,483,298
349,443,171,476,209
349,90,27,152,101
349,266,109,312,166
349,370,202,419,263
35,218,174,235,194
35,46,65,81,104
35,345,189,375,222
35,365,179,390,211
35,194,147,217,173
35,103,29,164,102
35,451,192,532,266
35,267,106,310,169
35,370,199,424,256
350,527,169,533,174
350,0,37,10,82
350,525,170,530,175
350,508,172,512,177
350,334,186,362,216
350,194,151,216,176
350,28,67,58,102
350,441,170,474,206
350,428,197,504,284
350,370,201,420,264
350,270,109,314,168
350,118,34,174,109
351,214,180,227,194
351,355,215,380,242
351,528,169,534,175
351,507,174,512,180
351,526,171,530,176
351,0,38,11,82
351,195,151,216,178
351,430,200,500,290
351,334,186,362,219
351,449,167,480,202
351,32,66,63,101
351,371,196,425,257
351,118,32,176,108
351,272,111,315,171
352,508,172,512,178
352,526,170,531,176
352,195,152,217,178
352,390,196,444,250
352,30,64,59,95
352,332,185,362,220
352,356,216,383,246
352,446,170,478,205
352,432,199,502,289
352,111,31,172,102
352,274,111,315,169
353,508,174,513,179
353,528,171,532,176
353,196,152,217,178
353,444,171,472,206
353,334,186,364,220
353,29,62,54,92
353,454,184,514,261
353,372,200,436,252
353,109,31,173,104
353,272,111,314,172
354,508,173,512,178
354,528,171,532,176
354,440,172,467,201
354,195,150,218,180
354,334,186,364,221
354,442,188,508,270
354,28,62,56,95
354,374,198,433,252
354,278,112,321,174
354,102,31,161,112
355,404,199,448,249
355,508,172,513,177
355,527,171,532,176
355,335,186,364,219
355,31,64,62,101
355,364,217,389,249
355,438,172,470,209
355,408,200,476,290
355,270,113,317,170
355,106,39,169,124
356,508,172,512,178
356,522,172,527,177
356,420,192,464,244
356,418,198,488,289
356,332,186,361,218
356,23,59,50,91
356,364,218,389,249
356,440,172,472,206
356,100,39,164,124
356,271,113,316,170
357,527,171,531,176
357,519,172,524,177
357,508,172,514,178
357,320,181,352,217
357,15,62,43,99
357,421,191,466,238
357,196,152,219,182
357,418,204,486,294
357,442,170,472,206
357,364,218,389,248
357,98,25,157,96
357,271,112,315,170
358,24,66,53,100
358,526,170,532,176
358,508,171,513,176
358,0,39,11,79
358,323,181,354,216
358,195,152,218,180
358,445,189,479,227
358,396,191,446,249
358,364,218,388,248
358,96,28,156,96
358,418,204,486,292
358,274,111,320,175
359,518,172,524,177
359,526,170,532,176
359,0,41,10,81
359,508,172,512,178
359,324,180,352,211
359,444,189,476,223
359,196,152,218,181
359,400,191,448,250
359,26,58,58,93
359,364,218,388,248
359,418,204,486,294
359,98,29,157,100
359,275,110,320,176
36,46,66,80,104
36,219,174,234,193
36,342,187,373,222
36,382,177,405,206
36,196,147,218,174
36,369,201,418,263
36,103,29,163,98
36,266,106,308,168
36,461,187,535,266
360,526,171,532,176
360,518,171,524,177
360,508,173,512,178
360,0,43,11,80
360,446,181,474,212
360,320,179,352,217
360,194,152,216,180
360,394,193,444,253
360,23,57,49,88
360,365,218,391,249
360,428,197,494,284
360,99,29,157,100
360,275,111,320,175
361,526,172,530,178
361,0,43,10,82
361,508,171,513,176
361,194,152,216,178
361,397,193,448,252
361,331,183,360,219
361,24,55,52,89
361,366,218,392,250
361,413,212,480,302
361,96,29,154,100
361,272,111,317,175
362,526,172,531,178
362,508,172,512,176
362,195,153,216,178
362,31,65,66,100
362,332,186,362,220
362,357,216,384,246
362,397,192,448,253
362,414,211,483,302
362,273,111,318,175
362,97,29,155,101
363,519,172,524,177
363,526,173,532,178
363,508,171,513,176
363,195,152,216,177
363,333,187,364,222
363,398,194,446,250
363,448,169,476,201
363,29,63,55,92
363,414,211,483,302
363,96,28,152,102
363,273,111,318,174
364,522,172,527,178
364,0,41,11,85
364,195,153,216,178
364,508,172,512,177
364,352,216,373,245
364,406,199,453,248
364,442,171,469,199
364,334,188,365,222
364,28,64,55,97
364,414,212,482,302
364,271,112,318,168
364,100,30,156,103
365,0,40,14,80
365,522,173,526,178
365,508,172,512,177
365,430,174,455,201
365,405,194,452,246
365,376,215,401,243
365,334,189,364,227
365,28,64,56,97
365,414,210,484,302
365,271,112,318,169
365,122,35,179,110
366,522,172,526,178
366,509,172,514,177
366,0,40,23,80
366,423,174,448,203
366,334,189,363,227
366,28,63,56,94
366,382,197,432,254
366,412,210,482,302
366,271,112,318,169
366,119,31,175,109
367,528,171,532,176
367,522,172,527,177
367,416,177,442,208
367,509,172,514,177
367,0,38,17,76
367,335,190,364,226
367,26,64,57,102
367,386,195,436,251
367,442,196,508,280
367,272,112,318,169
367,118,30,175,109
368,522,172,528,178
368,510,173,515,178
368,367,213,391,237
368,0,37,17,75
368,338,192,368,226
368,28,64,58,98
368,430,169,458,202
368,389,194,442,251
368,272,112,318,170
368,116,30,172,109
368,459,187,525,268
369,511,172,516,178
369,0,34,9,76
369,522,172,528,177
369,432,168,459,198
369,27,65,56,100
369,340,191,368,224
369,410,192,461,247
369,115,34,172,112
369,271,112,316,169
369,465,184,532,264
37,218,173,235,194
37,474,227,491,248
37,47,64,84,103
37,197,149,219,176
37,342,185,373,219
37,382,178,405,208
37,486,179,564,247
37,400,192,447,248
37,105,28,164,97
37,267,106,311,168
370,511,172,517,178
370,523,172,528,176
370,334,189,365,225
370,0,38,16,77
370,356,217,381,249
370,31,64,59,96
370,435,168,462,202
370,388,194,440,252
370,272,112,316,169
370,463,185,530,266
370,106,31,163,112
371,511,173,517,178
371,522,171,528,176
371,0,39,16,79
371,335,192,367,228
371,200,153,221,178
371,435,167,464,203
371,30,63,58,96
371,461,186,530,258
371,395,193,443,256
371,97,33,156,120
371,272,112,318,170
372,512,173,516,178
372,522,172,528,177
372,0,39,18,80
372,334,190,364,220
372,436,169,464,203
372,29,63,58,97
372,390,196,441,256
372,449,189,520,261
372,274,113,317,170
372,121,35,178,112
373,523,172,528,177
373,511,172,516,178
373,0,39,15,78
373,436,170,463,201
373,335,190,364,225
373,28,62,55,92
373,398,198,441,248
373,433,192,500,272
373,107,36,167,117
373,274,113,317,170
374,530,170,535,176
374,25,54,58,92
374,511,172,516,178
374,522,172,528,176
374,362,187,386,214
374,334,190,364,224
374,436,192,512,261
374,436,170,462,202
374,354,210,404,266
374,103,38,165,124
374,274,113,318,170
38,43,68,74,94
38,218,173,236,194
38,396,178,423,207
38,190,149,217,176
38,384,195,431,256
38,330,179,362,215
38,81,18,142,86
38,464,187,543,259
38,266,106,310,168
39,218,174,236,194
39,192,148,217,174
39,338,182,369,218
39,376,177,400,207
39,474,180,546,259
39,388,197,436,256
39,266,106,310,168
39,62,18,123,86
4,219,174,233,191
4,197,149,218,175
4,339,183,368,218
4,44,62,88,97
4,483,179,551,264
4,369,195,420,261
4,122,41,180,121
4,261,105,304,162
40,218,174,236,194
40,342,189,370,218
40,467,238,485,260
40,193,149,217,175
40,373,175,399,204
40,493,174,566,251
40,266,106,310,168
40,389,194,436,256
40,94,20,154,92
41,429,232,459,267
41,218,174,235,194
41,368,178,393,207
41,474,227,492,249
41,350,189,380,226
41,195,149,217,175
41,387,195,432,258
41,266,106,310,168
41,90,21,151,90
41,506,175,573,256
42,432,236,462,271
42,51,63,80,94
42,219,174,235,193
42,348,189,378,225
42,468,237,487,257
42,195,149,217,174
42,83,20,146,95
42,384,194,433,258
42,538,179,614,263
42,266,107,308,167
43,219,173,236,193
43,51,64,83,100
43,468,240,486,262
43,350,192,382,227
43,195,149,217,174
43,526,177,602,259
43,384,196,430,260
43,266,106,310,167
43,94,21,154,91
44,361,197,398,246
44,53,62,84,94
44,219,174,235,194
44,196,148,217,174
44,382,195,430,260
44,460,184,528,262
44,95,21,154,93
44,264,107,308,162
45,356,197,395,246
45,219,174,236,194
45,50,61,95,104
45,196,148,217,174
45,382,194,431,258
45,454,185,524,265
45,109,30,167,107
45,265,107,309,163
46,219,174,235,193
46,357,194,389,230
46,196,147,217,174
46,47,61,87,102
46,382,195,432,258
46,447,190,520,265
46,95,31,166,113
46,266,107,308,163
47,219,173,236,193
47,350,190,385,232
47,195,147,217,174
47,36,64,75,106
47,100,27,167,106
47,444,193,522,262
47,386,191,440,248
47,266,106,309,163
48,219,173,235,193
48,352,192,384,228
48,102,28,167,102
48,196,147,217,174
48,33,66,72,110
48,443,193,520,263
48,386,192,440,248
48,266,107,308,162
49,352,181,377,208
49,219,174,235,193
49,351,192,384,232
49,192,147,214,173
49,105,30,167,102
49,32,66,73,111
49,443,192,522,262
49,386,192,440,249
49,264,106,308,161
5,219,173,234,192
5,198,150,219,175
5,339,185,367,216
5,43,63,86,97
5,369,196,419,262
5,122,38,179,118
5,465,184,534,263
5,262,105,305,163
50,352,193,383,231
50,191,150,213,176
50,374,177,398,205
50,32,66,73,116
50,386,192,440,249
50,93,27,155,115
50,455,187,523,265
50,276,107,319,162
51,366,177,391,205
51,353,193,384,228
51,219,173,235,193
51,189,150,213,177
51,34,65,74,111
51,380,195,430,251
51,456,186,518,263
51,264,106,311,165
51,98,30,158,109
52,355,186,381,214
52,31,68,53,92
52,354,193,384,227
52,217,172,232,191
52,192,147,214,174
52,34,66,75,113
52,453,188,521,267
52,382,194,432,255
52,115,44,176,126
52,263,106,307,162
53,36,66,60,92
53,353,193,383,229
53,218,174,233,192
53,197,147,218,172
53,454,189,522,263
53,38,65,78,111
53,382,194,434,256
53,111,42,172,122
53,262,106,305,162
54,218,174,233,193
54,191,146,214,176
54,339,188,377,232
54,44,66,69,98
54,458,190,530,266
54,58,62,99,104
54,416,186,467,248
54,116,44,176,127
54,262,106,307,164
55,346,188,381,230
55,220,175,234,192
55,265,109,311,170
55,44,69,66,99
55,60,64,97,107
55,366,193,417,261
55,456,190,527,272
55,120,50,181,132
56,342,188,376,231
56,43,68,68,100
56,455,195,528,275
56,266,108,312,171
56,57,64,94,107
56,369,193,417,259
56,114,46,175,129
57,343,189,382,233
57,192,147,219,180
57,45,75,69,106
57,458,190,532,271
57,57,64,92,106
57,366,193,415,259
57,102,35,164,118
57,269,106,314,170
58,220,175,234,192
58,344,188,382,232
58,193,148,219,181
58,56,64,97,113
58,451,190,526,262
58,370,193,419,259
58,31,67,55,100
58,268,106,312,167
58,114,26,169,101
59,363,181,392,215
59,220,175,233,191
59,344,189,377,226
59,195,148,218,180
59,20,68,45,101
59,370,193,418,259
59,451,192,532,262
59,107,26,157,95
59,262,106,306,163
6,218,174,233,192
6,48,63,75,93
6,339,184,366,216
6,196,151,220,177
6,86,23,151,95
6,367,198,417,265
6,262,105,306,162
6,460,188,528,276
60,219,176,233,194
60,387,178,408,200
60,195,149,219,180
60,348,188,382,224
60,39,71,63,102
60,459,189,534,259
60,370,191,421,256
60,94,23,155,92
60,259,107,311,159
61,373,181,396,207
61,40,71,63,98
61,348,188,379,224
61,194,149,218,180
61,372,192,429,248
61,457,190,532,260
61,92,26,152,98
61,263,106,309,161
62,38,71,65,104
62,350,188,383,225
62,195,149,221,180
62,460,191,531,260
62,372,192,429,248
62,86,25,148,95
62,271,107,314,165
63,37,70,67,107
63,368,178,393,206
63,196,150,219,180
63,350,191,380,226
63,458,191,532,258
63,85,25,147,95
63,379,192,433,248
63,268,106,312,167
64,375,178,397,203
64,38,70,65,103
64,195,150,220,181
64,350,190,379,224
64,87,25,148,96
64,377,192,430,247
64,457,190,532,259
64,268,107,310,164
65,38,70,63,99
65,344,191,375,226
65,376,180,400,209
65,194,149,219,180
65,458,190,533,260
65,378,193,431,248
65,86,24,147,98
65,259,105,302,161
66,185,148,220,186
66,37,74,63,107
66,377,192,426,258
66,76,35,144,120
66,468,185,542,259
66,263,106,307,164
67,343,188,382,234
67,459,190,535,262
67,372,192,422,258
67,36,69,61,103
67,79,34,147,120
67,265,106,309,166
68,220,175,234,192
68,62,64,88,95
68,338,187,366,217
68,189,149,218,182
68,377,180,400,207
68,373,193,420,260
68,452,192,524,264
68,36,70,62,102
68,81,33,148,119
68,266,108,312,167
69,62,63,95,102
69,338,188,368,219
69,193,147,212,170
69,221,175,234,192
69,378,180,402,206
69,372,194,421,260
69,35,70,61,103
69,455,192,531,263
69,100,33,163,118
69,266,107,311,165
7,360,192,391,230
7,45,66,72,96
7,219,175,234,193
7,196,151,220,178
7,78,22,144,94
7,368,198,416,266
7,263,105,306,162
7,456,189,522,272
70,66,63,99,99
70,189,146,212,171
70,340,187,368,216
70,376,193,425,258
70,221,174,234,192
70,380,179,402,204
70,36,68,62,101
70,457,190,532,263
70,105,24,163,104
70,266,107,311,165
71,190,149,217,177
71,338,188,367,219
71,63,62,94,96
71,382,180,405,205
71,40,69,65,101
71,376,191,426,259
71,99,32,161,118
71,456,190,532,262
71,266,107,309,167
72,192,149,214,177
72,221,174,234,192
72,332,179,362,211
72,456,191,534,270
72,36,72,61,104
72,376,193,426,258
72,76,36,145,122
72,268,107,311,167
73,358,213,390,246
73,192,149,215,176
73,219,174,234,192
73,36,69,66,103
73,333,179,363,215
73,452,192,529,266
73,380,193,429,258
73,70,37,141,123
73,270,106,314,169
74,217,174,232,192
74,66,63,96,101
74,39,69,66,102
74,333,180,364,216
74,454,190,530,274
74,379,194,427,259
74,90,43,157,126
74,270,109,314,168
75,197,150,215,172
75,217,173,234,193
75,355,212,378,241
75,66,63,94,99
75,456,190,532,268
75,38,68,64,101
75,334,180,364,217
75,84,37,151,122
75,377,194,424,259
75,268,106,312,167
76,354,214,375,242
76,216,174,233,193
76,64,64,94,102
76,37,74,62,106
76,333,180,362,215
76,268,108,310,169
76,456,189,532,268
76,86,38,156,124
76,380,194,427,258
77,217,174,232,191
77,329,180,360,214
77,55,64,91,108
77,35,72,60,105
77,450,192,519,274
77,91,36,159,121
77,268,109,314,168
77,379,193,427,259
78,361,216,388,247
78,200,152,214,171
78,323,176,356,214
78,217,174,230,190
78,57,64,94,108
78,36,72,61,105
78,446,192,516,274
78,90,34,158,121
78,381,193,428,258
78,274,112,322,170
79,200,170,215,189
79,314,174,350,215
79,220,175,234,193
79,58,64,94,106
79,37,73,62,105
79,446,192,517,274
79,89,32,157,120
79,379,193,430,260
79,268,108,312,164
8,351,193,384,231
8,219,173,236,193
8,196,150,220,179
8,44,63,89,100
8,368,199,416,267
8,109,28,165,105
8,265,105,307,161
8,440,195,506,278
80,194,148,214,172
80,315,175,351,218
80,58,64,90,104
80,40,69,63,98
80,83,31,151,119
80,378,194,428,259
80,451,192,522,270
80,269,108,312,166
81,196,149,214,171
81,329,179,360,216
81,58,64,93,106
81,40,68,63,98
81,366,196,414,262
81,452,190,524,265
81,85,31,153,120
81,271,107,314,170
82,219,173,237,194
82,197,151,215,172
82,59,64,95,107
82,327,179,360,217
82,39,68,63,97
82,452,190,524,266
82,369,195,416,261
82,85,32,153,120
82,272,106,315,170
83,219,173,237,194
83,196,150,215,172
83,60,64,92,104
83,326,180,358,217
83,40,68,64,97
83,451,190,523,265
83,372,194,418,254
83,85,33,154,120
83,269,107,312,167
84,218,174,236,194
84,59,65,92,106
84,323,178,355,214
84,194,152,217,180
84,39,69,64,99
84,456,191,523,264
84,83,33,152,122
84,373,194,421,254
84,270,109,315,169
85,196,150,215,173
85,328,179,358,214
85,60,63,95,104
85,96,33,158,117
85,34,71,61,104
85,454,190,523,265
85,373,193,419,254
85,271,110,316,170
86,193,150,216,176
86,331,182,364,220
86,62,63,99,104
86,452,190,526,262
86,37,71,62,104
86,376,192,424,250
86,112,35,168,116
86,271,107,315,169
87,186,146,211,173
87,330,182,366,223
87,38,70,64,103
87,451,190,525,262
87,102,22,157,99
87,383,187,438,242
87,270,107,314,169
88,184,146,205,166
88,40,69,66,99
88,193,154,214,178
88,331,182,366,226
88,452,189,527,261
88,380,187,432,244
88,94,23,151,98
88,270,107,314,169
89,181,150,216,176
89,220,175,235,194
89,196,156,217,180
89,180,148,204,169
89,330,182,366,226
89,454,189,530,266
89,376,188,428,244
89,94,22,154,93
89,270,107,314,169
9,348,190,382,229
9,200,151,220,176
9,42,64,86,97
9,366,199,416,266
9,264,105,308,162
9,129,45,188,124
9,438,196,506,278
90,219,175,236,194
90,189,146,212,177
90,331,183,366,226
90,457,189,531,262
90,97,23,156,94
90,374,189,426,247
90,270,107,314,169
91,331,183,366,227
91,194,148,218,176
91,456,189,529,262
91,96,24,157,96
91,376,188,428,246
91,269,107,313,168
92,218,175,234,193
92,333,182,366,222
92,198,149,220,176
92,456,189,528,262
92,97,25,157,92
92,378,189,424,247
92,268,107,313,169
93,219,174,236,194
93,331,183,367,226
93,196,149,219,178
93,378,190,425,248
93,87,24,152,90
93,454,187,524,267
93,269,107,312,166
94,33,72,57,99
94,219,175,235,194
94,332,184,366,225
94,196,149,219,177
94,456,187,530,267
94,76,25,146,97
94,266,108,314,160
94,376,189,434,242
95,222,176,236,194
95,333,184,366,224
95,196,149,220,178
95,460,187,529,262
95,86,26,151,100
95,268,107,310,164
95,372,190,418,252
96,333,184,366,223
96,194,150,220,180
96,456,188,530,269
96,91,26,153,100
96,268,107,312,167
96,372,192,420,254
97,333,181,366,220
97,195,149,219,178
97,456,188,528,266
97,374,189,424,250
97,97,25,155,98
97,270,107,314,170
98,37,70,64,103
98,332,179,362,214
98,456,188,527,268
98,194,149,219,178
98,99,26,155,98
98,372,190,418,253
98,268,107,312,171
99,331,178,362,215
99,194,148,219,178
99,452,188,525,268
99,100,28,156,99
99,374,190,420,253
99,268,106,312,170
